taxa	chr	pos	maf	p_value
PZA03070.5	3	43868105	2.669039e-001	6.041366e-001
PHM15899.9	3	43868122	1.174377e-001	1.828022e-001
PZA03269.1	3	51967230	1.548043e-001	8.713271e-002
PHM15474.5	3	53548967	3.683274e-001	5.768721e-001
PZA01447.1	3	53549251	4.644128e-001	7.744263e-001
PZA03119.1	3	54127608	4.145907e-001	1.921423e-001
PZA03119.3	3	54127888	1.868327e-001	7.896917e-001
PZA00265.6	3	55946581	4.163701e-001	5.511860e-001
PZA00265.4	3	55946639	2.224199e-001	8.164644e-001
PZA00627.1	3	56747948	4.519573e-001	4.705859e-001
PHM2324.23	3	57966892	1.441281e-001	7.098550e-001
PZA03242.1	3	58616503	3.238434e-001	4.368209e-001
PZA02699.1	3	63847564	3.451957e-001	7.209665e-001
PZA00414.27	3	64730607	2.651246e-001	1.629386e-001
PZA02134.3	3	66922282	1.975089e-001	6.001949e-001
PZA00608.1	3	67283995	3.754448e-001	3.545643e-001
PHM5502.31	3	67284067	4.750890e-001	7.209525e-001
PZA00608.5	3	67284085	0.000000e+000	1.000000e+000
PZA00621.2	3	69079684	1.370107e-001	5.136190e-001
PZA03366.2	3	69892464	1.601423e-002	7.495446e-001
PZA03366.1	3	69892547	3.024911e-002	6.357234e-001
PZA00565.3	3	73140552	0.000000e+000	1.000000e+000
PZA00109.3	3	82173052	3.736655e-001	4.652071e-001
PZA00232.24	3	95541392	0.000000e+000	1.000000e+000
PZA02742.1	3	97441783	3.736655e-001	5.562472e-001
PZA02645.2	3	101980017	4.644128e-001	9.505870e-001
PZB02484.1	3	108233038	4.163701e-001	2.150998e-001
PZB02484.2	3	108233139	1.779359e-002	2.344704e-001
PZA03761.3	3	110715343	1.476868e-001	2.863930e-001
PZA03761.1	3	110715403	2.669039e-002	8.902018e-002
PZA03761.2	3	110715467	1.245552e-002	8.764049e-001
PZA03761.4	3	110715630	0.000000e+000	1.000000e+000
PZA00707.7	3	110715760	3.202847e-002	2.662933e-002
PZA00707.9	3	110715956	2.686833e-001	2.177361e-001
PZA03760.3	3	110719350	1.067616e-002	4.162983e-001
PZA03760.2	3	110719489	1.797153e-001	3.611107e-001
PZA03760.1	3	110719558	7.829181e-002	3.624232e-001
PZA03302.1	3	115392917	4.572954e-001	7.360652e-001
PZA03302.2	3	115393003	5.516014e-002	4.065770e-001
PZA03302.3	3	115393037	4.448399e-001	7.241081e-001
PZA02619.1	3	120046370	1.672598e-001	5.375475e-001
PZB00037.1	3	120915609	3.167260e-001	3.842550e-001
PZB00037.2	3	120915670	6.583630e-002	4.425847e-001
PZB00037.3	3	120915712	3.060498e-001	3.401848e-001
PZB00451.1	3	120915995	3.096085e-001	4.406549e-001
PZB00035.1	3	120916059	3.149466e-001	6.766613e-001
PZB00451.2	3	120916079	1.601423e-002	1.743214e-001
PZA03729.1	3	122631251	3.220641e-001	1.151525e-001
PZA03730.1	3	122632051	2.597865e-001	8.966917e-001
PZA03730.2	3	122632201	9.786477e-002	6.974555e-001
PZA03730.3	3	122632318	5.516014e-002	2.845634e-001
PZA03731.1	3	122634784	1.779359e-002	6.251541e-001
PZA03731.2	3	122634846	1.957295e-002	6.386153e-001
PZA03198.3	3	123785075	2.722420e-001	8.114389e-001
PHM15449.10	3	125077922	4.288256e-001	9.301601e-001
PZA00413.2	3	125192322	4.733096e-001	8.661995e-001
PZA00413.18	3	125192339	4.412811e-001	8.124828e-001
PZA00413.17	3	125192483	6.939502e-002	3.667159e-001
PZA00295.7	3	126261692	5.693950e-002	8.746209e-001
PZA00363.6	3	132192142	0.000000e+000	1.000000e+000
PZA00363.5	3	132192205	0.000000e+000	1.000000e+000
PZD00016.4	3	133480594	2.099644e-001	6.965459e-001
PZD00015.5	3	133481473	2.241993e-001	8.608882e-001
PZD00014.4	3	133482561	2.419929e-001	9.250735e-001
PZB02002.1	3	133483395	1.921708e-001	5.166261e-001
PZA02888.3	3	134850306	1.263345e-001	5.774175e-001
PZA03264.1	3	136356797	9.074733e-002	8.182282e-001
PZA03122.1	3	136357534	1.512456e-001	7.540681e-001
PZA00254.3	3	139668467	2.669039e-001	1.189476e-001
PZA00719.2	3	140524105	1.103203e-001	4.876482e-001
PZA00719.1	3	140524287	0.000000e+000	1.000000e+000
PZA00114.3	3	142431173	3.505338e-001	1.338049e-001
PZA00920.1	3	142821031	4.964413e-001	7.926632e-001
PHM890.20	3	143853993	1.032028e-001	9.027838e-001
PZA02906.7	3	144466196	3.024911e-001	9.755156e-002
PZB02044.1	3	144466243	1.921708e-001	3.902804e-001
PZB02044.3	3	144466246	2.366548e-001	3.411473e-002
PZB02044.2	3	144466414	4.928826e-001	2.153668e-001
PZB02122.1	3	145421006	2.295374e-001	5.866168e-002
PZA03541.2	3	148153258	3.487544e-001	8.971614e-001
PZA03541.3	3	148153805	2.882562e-001	3.758987e-001
PZA03541.4	3	148154058	1.103203e-001	8.911172e-001
PZB01183.1	3	148380841	1.957295e-002	7.486095e-001
PZB00228.6	3	150829954	3.736655e-001	8.551514e-001
PZB00228.4	3	150830416	1.725979e-001	1.352102e-001
PZB00228.5	3	150830673	6.583630e-002	3.594550e-001
PZB00228.2	3	150830782	3.345196e-001	7.880888e-001
PZB00274.4	3	150837246	1.583630e-001	9.178025e-001
PZB00274.5	3	150837488	3.078292e-001	7.892611e-001
PZA00827.1	3	155566732	3.647687e-001	8.263985e-001
PZA03658.1	3	155576390	4.359431e-001	8.368594e-001
PZA00507.11	3	155818939	4.412811e-001	6.319079e-001
PZB01683.2	3	156252241	1.494662e-001	5.151151e-001
PZB01683.3	3	156252478	2.455516e-001	6.305879e-001
PZA00391.2	3	157104591	1.886121e-001	9.824846e-001
PZA00948.1	3	157263770	3.238434e-001	1.582647e-001
PZA03019.8	3	157317264	7.117438e-002	9.055651e-002
PZB01463.7	3	157318219	1.423488e-002	2.290518e-002
PZB01463.6	3	157318304	3.736655e-002	2.522072e-001
PZB02179.1	3	157640380	3.647687e-001	8.568726e-001
PZB02179.2	3	157640764	3.950178e-001	8.967972e-001
PZB02179.5	3	157640944	4.163701e-001	4.522020e-001
PZA00828.2	3	157646430	8.896797e-002	9.245898e-002
PZA02944.12	3	159253652	1.886121e-001	4.952043e-001
PZA02944.10	3	159253667	4.590747e-001	3.952880e-001
PHM9914.11	3	159996138	3.701068e-001	4.901404e-001
PZA02923.7	3	160467612	3.914591e-002	4.296794e-001
PZA00667.1	3	161516074	3.576512e-001	9.610386e-001
PZA00667.2	3	161516227	3.558719e-001	8.746857e-001
PZD00003.3	3	161572823	2.010676e-001	7.558686e-001
PZB01892.1	3	161573186	5.160142e-002	4.364652e-002
PZB01856.4	3	162186725	7.117438e-002	7.743398e-001
PZB01856.1	3	162186937	4.644128e-001	4.555168e-001
PZB01856.2	3	162187057	1.192171e-001	4.739099e-001
PZB01856.3	3	162187230	0.000000e+000	1.000000e+000
PZD00006.1	3	163615279	2.170819e-001	4.716921e-001
PZD00008.3	3	163617500	2.028470e-001	3.703321e-001
te1.4	3	163617645	3.665480e-001	5.561867e-001
te1.3	3	163617892	2.313167e-002	5.685883e-001
te1.1	3	163618301	4.483986e-001	1.513262e-001
PZD00007.1	3	163618708	3.683274e-001	4.254929e-001
PZA01396.1	3	164833462	4.056940e-001	3.881991e-001
PZA00186.2	3	165800369	3.665480e-001	7.837932e-001
PHM2885.31	3	165901548	1.192171e-001	4.830780e-001
PZB01933.1	3	167581102	2.544484e-001	1.491169e-001
PZB01933.2	3	167581373	8.362989e-002	9.541025e-002
PHM1959.26	3	168443563	4.768683e-001	1.332897e-001
PZA03073.28	3	168443662	2.188612e-001	6.845641e-001
PZA03073.23	3	168443677	2.224199e-001	7.811640e-001
PZA03073.24	3	168443701	3.967972e-001	5.363615e-001
PZA03073.25	3	168443704	4.341637e-001	4.940848e-001
PZD00040.2	3	168689468	6.583630e-002	3.712352e-001
PZD00040.3	3	168689563	3.558719e-002	9.687957e-001
PZD00027.5	3	169756987	8.896797e-003	5.306201e-001
PZD00027.1	3	169757113	2.740214e-001	6.840385e-001
PZD00027.2	3	169757331	3.843416e-001	5.049077e-001
PZD00027.3	3	169757661	3.380783e-002	2.608776e-001
PZA02402.1	3	169771952	1.814947e-001	8.798663e-001
PZA03032.17	3	171364486	2.277580e-001	1.152862e-001
PZA03032.16	3	171364514	4.893238e-001	4.996725e-002
PZA03032.19	3	171364540	1.850534e-001	1.385962e-001
PZA00783.1	3	171821889	1.637011e-001	1.257628e-014
PZA00166.3	3	171935683	1.085409e-001	3.379903e-001
PZA00166.1	3	171935933	3.220641e-001	3.301382e-001
PZA02212.1	3	174550727	4.377224e-001	5.899864e-001
lg2.1	3	175051278	2.526690e-001	8.806338e-001
lg2.2	3	175051298	2.419929e-001	9.551132e-001
PZB01473.3	3	175051721	1.138790e-001	7.074376e-001
lg2.11	3	175051864	7.117438e-003	3.398186e-001
lg2.12	3	175051925	1.334520e-001	8.605728e-001
PHM17210.5	3	178229653	3.451957e-001	4.189041e-001
PZA01962.12	3	178229838	3.558719e-001	5.579453e-001
PZB01919.3	3	178234746	0.000000e+000	1.000000e+000
PZB01919.2	3	178234880	2.455516e-001	3.850291e-001
PZB01919.1	3	178235128	3.736655e-001	6.272239e-001
PZA00701.6	3	179517651	4.270463e-002	5.437220e-001
PZA03359.1	3	179903397	5.338078e-002	1.144099e-001
PZA03359.2	3	179903483	4.092527e-002	4.654138e-001
PZA03359.3	3	179903740	4.804270e-002	5.651611e-001
PZA00482.10	3	180294773	4.412811e-001	5.484948e-001
PHM1675.29	3	180341088	1.601423e-001	4.153824e-001
PZA00107.18	3	180341137	6.939502e-002	5.113136e-002
PZA00107.4	3	180341381	5.000000e-001	8.799060e-001
PZA03733.2	3	180532130	4.786477e-001	7.294526e-002
PZA03733.1	3	180532218	4.733096e-001	2.511529e-002
PZA03734.2	3	180532745	4.270463e-002	1.375707e-001
PZA03734.3	3	180532956	1.245552e-002	8.732966e-001
PZA03735.2	3	180533322	1.067616e-002	7.094379e-002
PZA03735.1	3	180533618	4.768683e-001	1.319641e-002
ba1.9	3	181362666	5.338078e-003	4.090427e-001
ba1.8	3	181362717	1.423488e-002	2.813292e-001
ba1.7	3	181362781	2.669039e-002	4.819184e-001
ba1.6	3	181362952	3.558719e-003	2.647141e-001
ba1.5	3	181363034	1.245552e-002	1.799062e-001
PZA00099.6	3	184718109	1.814947e-001	3.372876e-001
PZA03191.1	3	185290073	3.861210e-001	4.615161e-001
PZA03191.2	3	185290132	2.740214e-001	3.030734e-001
PZA03191.3	3	185290309	4.270463e-001	5.511615e-001
zb27.1	3	185290956	7.473310e-002	2.375604e-001
PZA03649.1	3	185316030	1.014235e-001	9.774688e-001
PZA03648.2	3	185317151	2.900356e-001	8.505677e-001
PZA03648.3	3	185317395	1.032028e-001	3.138008e-001
PZA03648.1	3	185317458	3.220641e-001	4.577087e-001
PZA03647.3	3	185318086	2.864769e-001	8.623995e-001
PZA03647.1	3	185318330	4.074733e-001	5.869863e-001
PZA00702.5	3	185760526	2.224199e-001	5.331666e-001
PZA00586.1	3	185989508	1.761566e-001	3.021109e-002
PZB00628.3	3	186186953	1.174377e-001	8.474753e-001
PZB01052.4	3	186580149	4.377224e-001	3.191961e-001
PZB01052.3	3	186580208	4.377224e-001	3.733029e-001
PZB01052.2	3	186580210	1.708185e-001	2.289491e-001
PZB01052.1	3	186580250	4.323843e-001	3.072661e-001
PZA00303.19	3	187604432	2.811388e-001	2.244723e-001
PZA00303.6	3	187604478	3.220641e-001	6.431601e-001
PZA00618.21	3	189138003	6.583630e-002	3.084224e-001
PZA00236.7	3	189437413	1.316726e-001	2.576696e-001
PZA01228.2	3	189861328	1.263345e-001	5.178917e-001
PZA03743.1	3	191863818	3.024911e-001	1.311985e-001
PZA03744.1	3	191864249	2.900356e-001	9.285857e-002
PHM13673.53	3	192236275	3.665480e-001	1.192231e-001
PZB01223.1	3	192865017	1.423488e-002	5.333893e-002
PZB01223.3	3	192865132	3.469751e-001	3.250836e-001
PZB01223.2	3	192865246	4.982206e-002	3.810240e-001
PZA03255.1	3	193565357	3.967972e-001	5.520872e-001
PZA03255.3	3	193565631	2.455516e-001	4.527802e-001
PZA03255.4	3	193565736	2.277580e-001	3.863070e-001
PZB02516.2	3	193566873	1.743772e-001	1.524682e-001
PZB02516.3	3	193566974	3.736655e-002	4.112521e-001
PZB02516.1	3	193567255	3.362989e-001	9.568853e-001
PZA02952.10	3	194250329	7.473310e-002	4.417998e-002
PZA02952.7	3	194250404	1.619217e-001	1.540698e-001
PZB01109.1	3	194643731	2.384342e-001	4.394823e-001
PZB01109.2	3	194643852	4.626335e-001	4.180314e-001
PZA01035.1	3	195407066	1.530249e-001	7.067408e-001
PZA00308.24	3	196191461	1.405694e-001	3.857988e-001
PZA00308.23	3	196191494	0.000000e+000	1.000000e+000
PZA01457.1	3	196870327	9.074733e-002	4.694453e-001
PZA00201.2	3	197456470	3.380783e-002	4.044166e-001
PZA02122.9	3	197797720	2.188612e-001	8.615178e-001
PZD00004.3	3	199478329	8.007117e-002	3.309491e-001
PZA00892.5	3	199886201	3.576512e-001	6.062559e-001
PZA03224.3	3	200142461	2.811388e-001	8.766074e-001
PZA03224.4	3	200142700	1.352313e-001	3.328723e-001
PZA03224.1	3	200142836	0.000000e+000	1.000000e+000
PZA03008.21	3	200201258	4.270463e-002	7.201372e-001
PZA03011.6	3	201790247	8.896797e-002	9.494885e-001
PZA03154.2	3	202363996	4.181495e-001	1.280447e-001
PZA03154.4	3	202364106	4.466192e-001	9.498479e-001
PZA03154.1	3	202364418	2.224199e-001	8.601383e-001
PZB01449.2	3	202569690	4.074733e-001	1.908138e-001
PZB01449.3	3	202569749	2.117438e-001	7.822833e-001
PZA00047.2	3	203908761	2.028470e-001	2.077503e-001
PZA00220.2	3	206760654	3.576512e-001	2.267786e-001
PZA00220.11	3	206760693	7.651246e-002	1.720074e-001
PZA00538.18	3	206889455	2.686833e-001	3.790479e-002
PZA00538.15	3	206889707	3.914591e-001	4.491095e-001
PZA00538.7	3	206889794	4.626335e-001	1.620825e-001
PZA02516.1	3	208180035	1.281139e-001	7.064434e-001
PZA03349.4	3	209957688	1.779359e-002	4.921844e-001
PZA03349.1	3	209957849	9.608541e-002	4.911519e-001
PZA03346.6	3	210558095	4.626335e-002	1.153191e-001
PZA03346.5	3	210558393	1.690391e-001	4.941487e-001
PZA03553.1	3	210635720	5.693950e-002	9.197470e-002
PZB01457.1	3	212725801	4.875445e-001	6.984393e-001
PZB01457.3	3	212726119	4.199288e-001	7.876353e-001
PZA03146.3	3	214272799	1.227758e-001	9.463964e-001
PZA03146.1	3	214272814	2.580071e-001	7.488411e-001
PZA03146.4	3	214272883	4.661922e-001	8.598574e-001
PZA03146.2	3	214273072	1.565836e-001	9.607167e-001
sh2.4	3	214838405	2.793594e-001	5.654476e-001
sh2.3	3	214839793	3.772242e-001	1.261194e-002
sh2.21	3	214840195	1.459075e-001	2.501997e-001
sh2.2	3	214843092	3.078292e-001	9.698891e-001
sh2.1	3	214843730	3.558719e-001	5.483133e-002
PZA00750.1	3	215844498	2.775801e-001	8.116396e-001
PZA01154.1	3	216028207	2.544484e-001	6.487453e-001
PHM3342.31	3	216028374	3.078292e-001	1.914417e-002
PZA02665.2	3	216624570	3.985765e-001	2.666830e-001
PZA01233.1	3	216768571	3.078292e-001	5.762077e-001
PZA02514.1	3	216915474	8.718861e-002	5.568856e-001
PZB02076.3	3	217328675	2.846975e-002	3.098550e-001
PZB02076.1	3	217328892	1.637011e-001	5.391868e-027
PZA02824.3	3	217329647	1.014235e-001	8.763886e-001
PZA02824.1	3	217329679	1.654804e-001	2.812905e-001
PZA02668.2	3	218119861	1.725979e-001	6.819803e-001
PZA00219.7	3	219309085	4.679715e-001	6.024980e-001
PZA00219.6	3	219309117	3.790036e-001	2.594733e-001
PZA03360.1	3	219587062	1.814947e-001	3.805284e-001
PZA03391.1	3	219859920	3.629893e-001	3.833624e-001
PHM2672.19	3	219860052	4.199288e-001	2.032477e-001
PZA03391.3	3	219860155	1.779359e-002	8.493829e-001
PZA00234.19	3	221730567	2.562278e-001	3.972156e-001
PZA00234.21	3	221730615	1.725979e-001	2.013398e-001
PZA02789.36	3	222114560	2.508897e-001	7.398113e-001
PZA02789.31	3	222114627	1.174377e-001	8.691812e-001
PZB00954.1	3	222262745	8.718861e-002	2.255327e-001
PZA00572.1	3	222602120	2.206406e-001	4.437761e-001
PZA00572.2	3	222602260	2.633452e-001	4.211113e-001
PZA00316.2	3	223513366	3.451957e-001	5.470808e-003
PZA00316.9	3	223513444	3.185053e-001	6.358688e-001
PZA01688.3	3	223670423	2.580071e-001	6.639623e-001
PZA01360.3	3	223867414	1.725979e-001	2.074442e-001
PZA02182.1	3	224184375	2.544484e-001	5.459684e-001
PZA00143.5	3	224903492	1.245552e-001	6.169487e-001
PZA00420.1	3	226872335	2.562278e-001	3.585287e-001
PHM2423.33	3	227682147	4.483986e-001	8.534446e-001
PZA00088.3	3	228614270	4.786477e-001	5.975260e-001
PZB01460.1	3	229544509	2.491103e-001	9.835719e-001
PZA03013.7	4	139753	1.512456e-001	6.924529e-001
PZA03013.8	4	139810	1.423488e-001	9.311711e-001
PZA00216.8	4	2589311	1.583630e-001	5.420667e-002
PZA00216.2	4	2589348	3.950178e-001	5.709811e-001
PZA00136.2	4	2637306	1.903915e-001	3.165659e-001
PZA00136.1	4	2637441	4.395018e-001	6.142952e-001
PZA03109.3	4	2638771	2.846975e-002	1.240373e-001
PZA03109.2	4	2638925	8.007117e-002	1.441771e-001
PZA03109.1	4	2639015	2.206406e-001	1.972091e-001
PZA03106.1	4	2846701	4.768683e-001	9.084901e-001
PZA03107.1	4	2851075	2.491103e-001	9.379102e-001
PZA00700.1	4	2852707	4.430605e-001	5.456613e-001
PZA00700.3	4	2852810	2.330961e-001	4.928419e-001
PHM2438.28	4	3548007	4.430605e-001	5.192253e-001
PZA03227.1	4	3895352	4.519573e-001	5.618104e-001
PZA03227.2	4	3895510	1.014235e-001	2.267206e-001
PZA00371.5	4	4867968	4.501779e-001	7.743668e-001
PZB02080.2	4	4980478	2.135231e-002	4.280940e-001
PZB02080.1	4	4980568	1.690391e-001	3.512924e-001
PZA00436.7	4	6401332	3.807829e-001	4.239888e-001
PZA00683.1	4	6612098	3.505338e-001	7.238067e-001
PZA00683.2	4	6612185	1.992883e-001	2.612969e-001
PZA02358.1	4	11329241	3.790036e-001	6.092216e-001
PZA02138.1	4	11856246	4.128114e-001	8.308870e-001
PZA01122.1	4	12618115	1.761566e-001	2.279547e-002
PZA00078.4	4	18502089	4.857651e-001	6.738650e-001
PZA00078.2	4	18502179	3.647687e-001	5.392934e-001
PZA00139.4	4	20064925	4.359431e-001	7.877193e-001
PZA00139.14	4	20065054	5.160142e-002	5.373231e-001
PZA01422.3	4	24475394	2.580071e-001	5.816097e-001
PZA00644.11	4	25192009	8.896797e-002	4.936092e-001
PZA00488.1	4	28192994	0.000000e+000	1.000000e+000
PZB01619.2	4	29030873	3.683274e-001	3.193360e-001
PZA02457.1	4	29031200	3.629893e-001	3.496787e-001
PZA03643.2	4	29209179	9.964413e-002	9.353249e-001
PZA03643.1	4	29209351	1.334520e-001	2.374120e-001
PZA03693.1	4	29209539	3.024911e-002	9.195787e-001
PZA03043.8	4	32099560	4.163701e-001	9.189499e-001
PZA03043.14	4	32099732	4.270463e-001	8.853030e-001
PZA02705.1	4	33860915	1.316726e-001	1.396704e-001
PHM15427.11	4	33862684	4.804270e-001	9.991632e-002
PHM13623.14	4	35051574	1.637011e-001	9.249530e-001
PZA01106.3	4	35051622	1.565836e-001	5.329667e-001
PZA01713.4	4	35384247	2.580071e-001	4.444297e-001
PZA03247.1	4	35769506	2.846975e-001	6.026251e-001
PZA03247.3	4	35769858	1.067616e-002	6.313061e-001
PZA00125.2	4	36047409	3.523132e-001	8.470622e-001
PZA00125.8	4	36047549	9.430605e-002	1.737300e-001
PZA03385.1	4	37067373	3.345196e-001	8.720643e-001
PZA03385.2	4	37067501	2.953737e-001	8.986449e-001
PZA01751.2	4	37185517	2.918149e-001	8.284143e-001
PZA02968.3	4	38941049	0.000000e+000	1.000000e+000
PZA02968.4	4	38941090	9.252669e-002	8.953337e-001
PZA00315.6	4	39975220	2.099644e-001	4.944509e-001
PZA00315.1	4	39975317	2.064057e-001	8.808685e-001
PZA03420.1	4	41178032	1.387900e-001	8.997275e-001
su1.3	4	41188938	6.227758e-002	2.973131e-001
su1.4	4	41189019	1.387900e-001	7.258340e-001
su1.1	4	41191526	1.832740e-001	9.466691e-001
PZA00699.1	4	45378466	2.135231e-001	3.888128e-001
PZA00699.5	4	45378492	5.516014e-002	3.891601e-001
PZA03337.1	4	47028353	1.387900e-001	2.576695e-001
PZA00445.18	4	49713883	0.000000e+000	1.000000e+000
PZA01759.1	4	60429503	2.135231e-001	3.018410e-001
PZA00726.6	4	60767943	3.647687e-001	1.215671e-001
PZA00726.7	4	60767994	3.469751e-001	9.975730e-002
PZA00726.10	4	60768063	3.594306e-001	9.361730e-002
PHM14055.6	4	60768111	3.754448e-001	1.130761e-001
PZB00129.1	4	63721981	0.000000e+000	1.000000e+000
PHM1307.11	4	63722896	3.843416e-001	3.499639e-001
bt2.2	4	66287455	3.256228e-001	1.712886e-001
bt2.4	4	66288635	6.583630e-002	1.618697e-001
bt2.7	4	66290994	2.971530e-001	9.625172e-002
PZA03706.1	4	73077404	1.352313e-001	3.367634e-001
PZA03254.1	4	73176932	1.334520e-001	4.733367e-001
PZA03254.2	4	73177100	1.672598e-001	4.423407e-001
PZA03254.3	4	73177257	1.459075e-001	5.607616e-001
PZA03705.1	4	73178489	1.334520e-001	5.043712e-001
PZA03586.1	4	73307190	1.316726e-001	5.102432e-001
PZA03751.1	4	73307596	1.476868e-001	2.440684e-001
PZA03752.2	4	73309421	1.814947e-001	9.933488e-001
PZA03752.1	4	73309674	1.992883e-001	1.634039e-001
PZA03753.2	4	73310537	7.117438e-003	8.042577e-001
PZA03753.1	4	73310789	1.886121e-001	8.896856e-001
PZA03587.2	4	73311191	2.704626e-001	6.567237e-001
PZA03753.3	4	73311260	1.263345e-001	3.369065e-001
PZA00548.13	4	74062781	2.971530e-001	3.239851e-001
PZA00548.3	4	74062865	1.921708e-001	3.971473e-002
PZA03597.1	4	74239902	3.274021e-001	5.404046e-001
PZA02938.5	4	75728833	2.099644e-001	7.883373e-001
PZA02938.3	4	75728870	1.975089e-001	7.991193e-001
PZA03270.2	4	76122802	1.992883e-001	3.569229e-032
PZA03270.1	4	76122822	3.665480e-001	4.032890e-001
PZA03270.3	4	76122886	3.861210e-001	7.775057e-002
PZA03270.4	4	76122917	1.192171e-001	3.061614e-001
PZA03270.5	4	76123039	1.316726e-001	1.537818e-001
PZA00218.1	4	78946415	3.487544e-001	8.090853e-001
PZA00218.6	4	78946482	1.405694e-001	9.417144e-001
PZA03372.3	4	85850410	2.846975e-001	7.410639e-001
PZA03564.2	4	86797585	3.380783e-002	7.908837e-001
PZA03564.1	4	86797748	4.074733e-001	8.108539e-001
PZA03562.1	4	86798226	1.192171e-001	7.318754e-002
PZA03562.3	4	86798403	3.558719e-002	6.495139e-001
PZA03203.1	4	90203655	4.341637e-001	8.988966e-001
PZA03203.2	4	90203822	3.274021e-001	9.899739e-001
PZA03367.2	4	91417549	5.516014e-002	1.768067e-001
PZA03367.1	4	91417897	1.049822e-001	4.118126e-001
PZA00104.1	4	93812507	1.298932e-001	9.332578e-001
PZA00630.9	4	103665461	0.000000e+000	1.000000e+000
PZA03231.1	4	104160525	2.811388e-001	3.809409e-001
PZA03536.1	4	107751353	3.772242e-001	6.958789e-001
PZA03536.2	4	107751403	1.316726e-001	6.552802e-001
PZA03535.3	4	107751627	1.530249e-001	9.290455e-001
PZA03535.2	4	107751727	3.416370e-001	9.543339e-002
PZA00092.5	4	113503635	6.049822e-002	5.147523e-001
PZA00092.1	4	113503659	2.206406e-001	7.570155e-001
PZB02053.3	4	116875640	1.779359e-002	8.253619e-001
PZB02053.1	4	116875947	1.032028e-001	4.854420e-001
PZB02053.2	4	116876114	8.718861e-002	7.247865e-001
PZA00549.3	4	117510363	5.516014e-002	9.209535e-001
PZA03376.1	4	120655021	1.565836e-001	6.470669e-001
PZA03376.2	4	120655387	8.007117e-002	8.730494e-001
PZB00104.3	4	122795133	2.740214e-001	4.345478e-001
PZB00104.2	4	122795210	3.309609e-001	8.325842e-001
PZB00104.1	4	122795343	1.263345e-001	3.500647e-001
PZB00153.1	4	122795391	1.992883e-001	5.946896e-001
PZB00093.7	4	122795990	2.028470e-001	3.617157e-001
PZB00093.2	4	122796082	2.384342e-001	7.692791e-001
PZB00093.1	4	122796119	3.291815e-001	8.433437e-001
PZA00662.3	4	123175449	4.626335e-002	9.908956e-001
PZA00704.1	4	128552705	3.078292e-001	3.979992e-001
PZA00704.11	4	128552748	0.000000e+000	1.000000e+000
PZA03409.1	4	128632208	4.466192e-001	8.364114e-001
PZA03409.2	4	128632484	3.309609e-001	5.867826e-001
PZA03409.4	4	128632580	7.117438e-003	1.587033e-001
PZA03409.3	4	128632696	9.964413e-002	8.291810e-001
PZB01080.2	4	129825080	6.049822e-002	6.895260e-001
PZB01080.1	4	129825130	2.330961e-001	2.945199e-001
PZB01689.1	4	129831216	4.270463e-001	6.324181e-001
PZB01689.2	4	129831266	2.224199e-001	5.153913e-001
PZA00151.2	4	131016731	4.252669e-001	1.332190e-001
Fea2.2	4	132734439	2.437722e-001	3.622514e-001
Fea2.6	4	132734608	5.871886e-002	4.520500e-001
Fea2.3	4	132734721	1.850534e-001	3.736032e-001
Fea2.5	4	132734849	1.494662e-001	9.032759e-001
Fea2.1	4	132735271	3.736655e-001	9.712120e-001
Fea2.4	4	132736424	2.900356e-001	3.954883e-001
PZA02988.2	4	133757006	6.583630e-002	3.287358e-001
PZA03288.1	4	136297005	2.295374e-001	8.576516e-001
PZA03288.2	4	136297062	2.330961e-001	8.671185e-001
PZA00663.5	4	141267246	2.811388e-001	1.961367e-001
PZA02147.1	4	143945759	2.153025e-001	6.610371e-001
PZA03174.3	4	146943233	1.886121e-001	6.936843e-001
PZA03152.2	4	147044761	3.558719e-002	1.939162e-002
PZA03152.3	4	147044805	1.708185e-001	8.025688e-001
PZA03152.1	4	147045281	2.046263e-001	8.559360e-001
PZA02982.5	4	148401074	1.227758e-001	2.915302e-001
PZA02982.6	4	148401263	3.078292e-001	2.702992e-001
PZA02982.7	4	148401277	8.540925e-002	9.795279e-001
PZA00523.2	4	148408488	3.558719e-002	1.224021e-001
PZA03331.3	4	149531082	1.067616e-001	2.473596e-001
PZA03297.1	4	149531179	2.935943e-001	6.307029e-001
PZA03331.7	4	149531206	8.362989e-002	7.779938e-002
PZA02992.15	4	149588842	1.263345e-001	5.789358e-001
PZA02992.1	4	149589133	3.469751e-001	2.366045e-001
PZA03311.2	4	153293139	2.313167e-001	6.165785e-001
PZA03311.3	4	153293180	1.601423e-001	1.870804e-001
PZA03311.6	4	153293197	9.964413e-002	7.960425e-001
PZA03311.7	4	153293234	1.743772e-001	2.626485e-001
PZA03311.4	4	153293452	1.298932e-001	9.093625e-001
PZA03311.5	4	153293454	3.380783e-002	3.468005e-001
PZA03548.1	4	153432215	0.000000e+000	1.000000e+000
PZA00057.2	4	155043536	4.110320e-001	2.746998e-001
PZD00018.1	4	155219858	0.000000e+000	1.000000e+000
PZB00229.1	4	156289496	5.693950e-002	7.798382e-001
PZB00092.1	4	156289818	6.405694e-002	6.244787e-001
PZB00229.2	4	156290035	6.939502e-002	8.829388e-001
PZA01926.1	4	158126191	3.309609e-001	1.024022e-001
PZA00464.6	4	158720618	4.270463e-002	8.639706e-001
PZB01378.2	4	158720826	4.448399e-002	7.462199e-001
PZB01378.3	4	158720827	1.014235e-001	1.596402e-001
PZB01378.5	4	158720850	6.761566e-002	2.006745e-001
PZB01378.4	4	158720894	3.647687e-001	8.796614e-002
PZA03653.1	4	159982180	2.722420e-001	3.706083e-001
PZA03654.1	4	159984727	2.793594e-001	3.945261e-001
PZA03654.2	4	159984883	2.846975e-002	1.644685e-002
PZA00492.26	4	160161677	1.548043e-001	1.279725e-001
PZA00492.25	4	160161764	1.441281e-001	1.280205e-001
PZA03116.4	4	166002187	0.000000e+000	1.000000e+000
PZA03116.1	4	166002318	3.861210e-001	1.229160e-001
PZA03116.2	4	166002477	2.117438e-001	5.604735e-001
PZA00453.2	4	166281189	3.861210e-001	6.510858e-001
PZA00453.7	4	166281276	1.049822e-001	2.996308e-001
PZA03379.1	4	167650111	1.601423e-002	9.623717e-001
PZA03379.2	4	167650309	2.491103e-002	3.034657e-001
PZA01289.1	4	169608659	3.718861e-001	1.990647e-001
PZA03308.3	4	170217116	1.156584e-001	2.149203e-001
PZA03308.2	4	170217259	3.380783e-002	9.266316e-001
PZA03406.1	4	170217581	4.626335e-002	5.795076e-002
PZA00271.1	4	171613440	1.014235e-001	3.170782e-007
PZA01477.3	4	172301064	4.501779e-001	3.352617e-002
PZA03314.1	4	172385940	0.000000e+000	1.000000e+000
PZA02819.22	4	172692049	4.822064e-001	4.077065e-001
PZA02819.35	4	172692287	3.185053e-001	3.232216e-001
PZA02825.4	4	173687725	3.754448e-001	7.142834e-001
PZA03275.4	4	174427991	4.501779e-001	4.498348e-002
PZA03275.3	4	174428015	9.430605e-002	2.162990e-003
PZA03275.1	4	174428225	4.946619e-001	1.283452e-001
PZA01187.1	4	177666738	2.615658e-001	3.178254e-001
PZB02464.2	4	177670560	0.000000e+000	1.000000e+000
PZD00030.9	4	177975134	1.049822e-001	6.875311e-001
PZD00030.11	4	177975918	0.000000e+000	1.000000e+000
PZD00030.2	4	177976082	2.099644e-001	2.518590e-001
PZD00030.10	4	177976308	0.000000e+000	1.000000e+000
PZD00030.8	4	177976360	7.295374e-002	7.864666e-001
PZD00029.3	4	177980567	0.000000e+000	1.000000e+000
PZD00029.4	4	177980783	1.245552e-002	2.088591e-002
PZB00282.2	4	178735388	3.167260e-001	4.111565e-001
PHM3637.14	4	179758341	3.327402e-001	5.271071e-001
PZA02194.1	4	180309373	1.743772e-001	7.037217e-001
PZA02289.2	4	180316143	2.206406e-001	9.048859e-001
PZB01090.1	4	181809360	0.000000e+000	1.000000e+000
PZA03445.1	4	182713785	2.153025e-001	2.200473e-001
PZA01954.1	4	184373943	1.957295e-001	1.071573e-001
PZA03263.2	4	184717014	2.010676e-001	7.886018e-002
PZA03263.1	4	184717135	2.704626e-001	7.720408e-001
PZA03158.3	4	184717455	2.028470e-001	1.824528e-001
PZA03158.1	4	184717653	4.519573e-001	3.198145e-001
PZA02949.25	4	185103244	0.000000e+000	1.000000e+000
PZA02949.22	4	185103471	1.138790e-001	7.391772e-001
PZA00941.2	4	185562016	4.661922e-001	9.687060e-001
PZA00344.10	4	193202013	2.046263e-001	9.832151e-001
PZB01461.3	4	194092746	1.156584e-001	4.276196e-001
PZB01461.2	4	194092806	2.989324e-001	5.903923e-002
PZB01461.1	4	194092995	2.686833e-001	4.897596e-001
PZB01461.4	4	194093117	0.000000e+000	1.000000e+000
PZA00332.3	4	194749230	3.469751e-001	7.383569e-001
PZA00332.5	4	194749287	3.256228e-001	5.178792e-001
PZA00193.1	4	197964404	4.893238e-001	9.083515e-001
PZA00193.2	4	197964459	4.003559e-001	9.824261e-001
PZA03575.3	4	201131313	2.829181e-001	5.328337e-001
PZA03575.2	4	201131577	1.725979e-001	1.137172e-001
PZA03575.4	4	201131730	4.270463e-002	8.283416e-001
PZA01790.1	4	202245921	1.761566e-001	2.047819e-001
PZA03205.1	4	202883367	1.868327e-001	4.679904e-002
PZA03205.3	4	202883397	4.163701e-001	3.488745e-001
PZA03534.3	4	204059060	3.024911e-002	2.972156e-001
PZA03534.1	4	204059180	5.516014e-002	3.121047e-001
PZA03533.1	4	204059957	5.516014e-002	6.446662e-001
PZA01566.1	4	204764426	2.793594e-001	7.602591e-001
PZA02421.1	4	205427981	4.359431e-001	6.108305e-001
PZA00633.8	4	206492925	2.846975e-002	1.273766e-001
PZA00633.4	4	206493021	4.911032e-001	9.572215e-001
PZA02779.1	4	207114208	4.555160e-001	3.763822e-002
PZA03719.2	4	210235075	2.491103e-001	4.968886e-002
PZA03719.1	4	210235180	3.327402e-001	4.903057e-001
PZA03720.1	4	210235726	1.708185e-001	7.789534e-001
PZA03720.2	4	210235939	2.046263e-001	8.560879e-001
PZA03721.1	4	210236675	4.217082e-001	4.348392e-001
PZA03124.1	4	212497348	7.651246e-002	8.092426e-001
PZA01332.2	4	212893509	4.341637e-001	5.091795e-001
PZA03081.9	4	215393158	2.900356e-001	5.891118e-002
PZA03081.6	4	215393255	0.000000e+000	1.000000e+000
PZA03081.1	4	215393350	4.181495e-001	1.357025e-001
PZB01021.5	4	216310255	1.921708e-001	2.952641e-001
PZB01021.4	4	216310366	5.160142e-002	1.502933e-001
PZA03271.1	4	216812238	3.772242e-001	6.288553e-001
PZA03271.2	4	216812289	1.975089e-001	7.078728e-001
PZA03725.2	4	217610295	7.117438e-002	5.299092e-001
PZA03725.1	4	217610450	2.669039e-002	2.144814e-001
PZA02479.1	4	218367682	3.807829e-001	8.759672e-001
PZA02865.11	4	220857872	2.775801e-001	8.033386e-001
PZA00155.1	4	220885121	1.281139e-001	3.758903e-001
PZA03150.3	4	222233027	2.437722e-001	6.551200e-001
PZA03150.4	4	222233032	2.846975e-001	4.945192e-001
PZA03155.1	4	222233078	3.451957e-001	4.233541e-001
PZA03155.3	4	222233297	2.295374e-001	6.767374e-001
PZB00878.2	4	222331942	1.868327e-001	5.458684e-002
PZB00878.3	4	222331993	3.202847e-002	6.633431e-001
PZB00878.1	4	222332058	8.896797e-002	4.863917e-001
PZB00724.1	4	222332554	4.163701e-001	3.329874e-001
PZB01022.3	4	225206525	4.626335e-001	7.954459e-001
PZB01022.4	4	225206666	3.434164e-001	9.739736e-001
PZA00878.2	4	226223649	4.982206e-001	8.220946e-001
PZA00636.7	4	226884613	1.886121e-001	8.964147e-001
PZA00399.10	4	229644826	4.804270e-001	5.138541e-002
PZA00521.3	4	234783765	3.558719e-001	2.179455e-001
PZA00694.6	4	235779015	3.007117e-001	1.632517e-001
PZA03755.2	4	236401862	1.939502e-001	4.266412e-001
PZA03755.3	4	236402260	2.864769e-001	6.741257e-001
PZA03754.2	4	236403295	1.067616e-002	6.046976e-003
PZA00209.4	4	236488577	2.669039e-001	6.918859e-001
PZA00209.8	4	236488723	4.412811e-001	8.523377e-001
PZA02155.1	4	237336600	2.028470e-001	8.741873e-002
PZA00513.1	4	238553534	1.868327e-001	9.517294e-001
PHM5599.20	4	239237605	3.825623e-001	4.102102e-001
PHM5665.26	4	240769341	3.540925e-001	6.690293e-001
PHM2100.21	4	241723131	1.512456e-001	9.984329e-002
PZA03322.1	4	242019413	3.576512e-001	7.040678e-001
PZA03322.5	4	242019440	3.220641e-001	8.133121e-001
PZA03322.4	4	242019500	1.103203e-001	2.271106e-001
PZA03322.3	4	242019759	1.779359e-001	4.174157e-001
PZA00005.2	4	243003422	4.341637e-001	4.999079e-002
PZA00005.5	4	243003527	4.377224e-001	7.059461e-002
PZA03017.10	4	243222842	4.217082e-001	3.360101e-001
PZA03599.3	4	243935771	7.651246e-002	8.056389e-001
PZA03599.2	4	243935993	1.281139e-001	8.789594e-001
PZA03599.1	4	243936127	1.049822e-001	4.820455e-001
PZA03598.1	4	243936876	3.451957e-001	3.571767e-001
PZA03598.2	4	243937127	3.078292e-001	7.109344e-001
PZA01905.12	4	244087450	4.039146e-001	1.835482e-002
PZA02239.12	4	244721608	2.597865e-001	6.239826e-001
PZA00682.16	4	244992633	1.334520e-001	4.011828e-002
PZA00682.2	4	244992844	2.580071e-001	4.447540e-002
PZA00051.17	4	245051599	4.270463e-002	8.898285e-001
PZA00051.2	4	245051649	3.380783e-001	7.287868e-001
PZA00282.14	4	245123491	2.402135e-001	9.750156e-001
PZA03762.1	4	245131700	4.555160e-001	3.808008e-001
PZA03762.2	4	245131801	1.779359e-002	2.315199e-001
PZA01887.1	5	656148	3.309609e-001	7.531106e-001
PZA00684.12	5	920922	2.402135e-001	8.905924e-001
PZA02894.1	5	945545	3.149466e-001	2.641197e-001
PZA00191.5	5	2123914	4.377224e-001	1.683241e-003
PZA00191.4	5	2123961	4.982206e-001	3.301191e-003
PZB01352.6	5	3142800	1.174377e-001	7.053930e-001
PZB01352.4	5	3142841	1.957295e-001	4.385693e-001
PZB01352.2	5	3142954	1.921708e-001	2.842412e-001
PZA03046.4	5	3194619	4.875445e-001	8.734599e-001
PZA03046.3	5	3194670	4.626335e-002	1.679616e-001
PZA03046.2	5	3194673	4.092527e-002	9.427384e-001
PZA01570.1	5	3533995	3.665480e-001	1.406057e-001
PHM13122.43	5	4190804	2.597865e-001	3.142691e-001
PZA03304.2	5	4293459	1.174377e-001	7.303983e-001
PZA03304.3	5	4293495	1.975089e-001	3.905896e-001
PZA03304.1	5	4293537	4.822064e-001	5.849104e-001
PZB01396.3	5	4591827	1.120996e-001	1.747277e-001
PZB01396.2	5	4592122	0.000000e+000	1.000000e+000
PZA00089.3	5	5267091	4.644128e-001	3.217688e-001
PZA03186.1	5	5476347	1.014235e-001	5.226139e-001
PZA03186.2	5	5476395	6.939502e-002	8.774640e-005
PZA02653.12	5	5917587	3.291815e-001	8.976533e-001
PZA02462.1	5	6820571	4.661922e-001	5.318024e-001
PZB00081.4	5	6960673	3.505338e-001	7.980637e-001
PZB00081.2	5	6960836	3.594306e-001	6.593779e-001
PZB00081.3	5	6961461	1.014235e-001	4.010663e-001
PZB00081.5	5	6961472	6.583630e-002	4.272960e-001
PZB00045.3	5	7082937	3.914591e-001	2.559079e-001
PZB00045.2	5	7082974	9.252669e-002	3.836615e-001
PZB00054.3	5	7086096	1.138790e-001	6.441887e-001
PZB00102.1	5	7086922	2.117438e-001	6.402382e-001
PZB00102.2	5	7087084	1.690391e-001	6.267860e-001
PZB02107.1	5	7087183	1.939502e-001	7.727103e-001
PZA03584.1	5	7103451	2.615658e-001	5.127545e-001
PZA03584.2	5	7103536	3.024911e-002	4.260164e-001
PZA02753.1	5	7216587	4.234875e-001	3.983415e-001
PZA03303.7	5	7648691	0.000000e+000	1.000000e+000
PZA03303.3	5	7648721	4.626335e-002	4.309937e-002
PZA03303.6	5	7648847	1.298932e-001	4.814148e-001
PZB01993.2	5	7831264	3.291815e-001	7.169047e-001
PZB01993.5	5	7831417	0.000000e+000	1.000000e+000
PZB01993.3	5	7831723	1.565836e-001	2.931019e-001
PZB00094.1	5	7946002	4.982206e-001	1.264980e-001
PZA01925.1	5	8598835	2.224199e-001	1.739692e-001
PZA00865.1	5	9279776	2.437722e-001	2.141196e-008
PZA00281.1	5	9965510	4.733096e-001	5.653181e-001
PZA00281.13	5	9965534	1.049822e-001	1.092180e-001
PZB00182.3	5	10055221	3.487544e-001	9.516967e-001
PZB00188.2	5	10055420	8.718861e-002	7.439029e-001
PZB00188.1	5	10055423	2.669039e-001	8.266958e-001
PZB00069.1	5	10058612	4.021352e-001	8.347203e-001
PZA03244.3	5	10752336	5.338078e-003	5.899598e-001
PZA03244.5	5	10752397	7.117438e-003	6.000144e-001
PZA03244.1	5	10752476	3.345196e-001	6.381796e-002
PZA03244.6	5	10752728	3.825623e-001	1.342832e-001
PZA03244.2	5	10752817	0.000000e+000	1.000000e+000
PZA03244.4	5	10752928	1.138790e-001	3.552089e-001
PZB00079.2	5	11737498	4.110320e-001	9.279920e-001
PZB00079.4	5	11737636	1.370107e-001	7.182666e-001
PZB00079.3	5	11737747	2.811388e-001	7.343957e-001
PZB01479.1	5	11738957	3.558719e-002	2.524290e-001
PZA03678.1	5	11904119	1.049822e-001	7.113780e-001
PZA03092.7	5	11992708	4.021352e-001	8.936087e-002
PZB01642.1	5	12337501	6.939502e-002	7.230647e-001
PZB01642.2	5	12338040	6.583630e-002	8.921491e-001
PZA00004.2	5	13542371	2.241993e-001	5.864016e-001
PZA00112.3	5	13664532	2.526690e-001	8.680083e-001
PZA00112.4	5	13664643	4.252669e-001	9.333692e-001
PZA00112.5	5	13664679	1.156584e-001	8.201785e-001
PZA00985.1	5	13981667	3.594306e-001	2.614356e-001
PZA01327.1	5	15056528	4.644128e-001	2.395803e-002
PZA01523.1	5	16208240	1.494662e-001	3.843071e-001
PZA03371.2	5	17231557	7.829181e-002	4.681419e-001
PZA03371.1	5	17231824	3.558719e-002	7.790229e-002
PZA03371.3	5	17232075	0.000000e+000	1.000000e+000
PZA00247.5	5	18038315	1.725979e-001	4.832957e-001
PZA00517.6	5	18240488	6.049822e-002	7.066064e-001
PZA00517.4	5	18240536	1.459075e-001	1.335149e-001
PZB00223.1	5	19973068	3.416370e-001	3.535338e-001
PZB00223.2	5	19973210	1.601423e-001	9.442526e-001
PZB00223.3	5	19973330	4.982206e-002	2.449180e-001
PZA03226.2	5	20089671	3.718861e-001	6.804541e-002
PZA03226.3	5	20089946	3.362989e-001	2.541953e-001
PZA03340.1	5	20200927	4.288256e-001	7.438030e-001
PZA03340.3	5	20200987	8.540925e-002	6.579254e-001
PZA03340.2	5	20201009	3.149466e-001	9.337516e-001
PZA02792.26	5	21770965	5.000000e-001	7.729809e-001
PZA02792.25	5	21771015	4.946619e-001	7.794012e-001
PZA02792.18	5	21771204	1.120996e-001	3.080931e-001
PZA02792.16	5	21771297	4.911032e-001	9.333507e-001
PZA02792.9	5	21771433	4.946619e-001	9.467260e-001
PZA03298.1	5	21811793	3.505338e-001	5.855165e-001
PZA03298.3	5	21811854	1.049822e-001	8.346793e-001
PZB01983.2	5	23437363	7.829181e-002	8.420053e-001
PZB01983.1	5	23437641	1.103203e-001	5.665831e-001
PZA00329.3	5	24480823	4.519573e-001	3.729161e-003
PZA00934.2	5	30064518	4.306050e-001	4.407240e-001
PZA02113.1	5	30239292	4.448399e-001	9.248515e-001
PZB00579.2	5	32365820	7.117438e-003	4.362314e-003
PZB00579.1	5	32366013	4.804270e-002	2.970436e-002
PZB00869.4	5	32366193	3.932384e-001	9.315928e-002
PZB00869.1	5	32366223	3.950178e-001	2.821332e-001
PZB00869.2	5	32366232	2.989324e-001	1.451054e-001
PZA01563.1	5	32599139	1.672598e-001	2.874977e-001
PZA00499.10	5	34586816	6.583630e-002	1.540568e-001
PZA00499.3	5	34586850	4.270463e-001	9.498914e-001
PZA00449.2	5	37511797	1.637011e-001	8.619226e-001
PZA03261.1	5	41024015	6.939502e-002	3.790563e-001
PZA03217.1	5	41024709	4.377224e-001	4.666925e-001
PZA03217.2	5	41024758	4.341637e-001	5.250607e-001
PZA00629.21	5	42492559	1.120996e-001	6.547740e-001
PZA00407.8	5	48828125	1.957295e-002	2.078129e-001
PZA02207.1	5	49203492	3.914591e-001	5.172670e-001
PZA00401.6	5	55324262	4.448399e-002	4.558565e-001
PZA00401.11	5	55324334	2.562278e-001	3.159122e-001
PZA00805.1	5	57507670	1.263345e-001	4.474464e-001
PHM2769.43	5	57831576	3.683274e-001	8.932041e-001
PZA00522.2	5	57933325	4.430605e-001	4.341741e-001
PZA00522.7	5	57933514	4.306050e-001	5.552887e-001
PZA00522.12	5	57933548	4.234875e-001	5.535322e-001
PZA00222.7	5	58576757	4.768683e-001	9.653450e-001
PZA00222.5	5	58576811	4.466192e-001	6.327149e-001
PZB01004.2	5	58616019	2.135231e-002	5.294824e-001
PZB01004.1	5	58616136	1.761566e-001	1.518420e-001
PHM1870.20	5	59299993	4.128114e-001	8.056096e-001
PZA03451.7	5	59300236	4.537367e-001	8.697969e-001
PZA03451.5	5	59300361	4.199288e-001	9.545414e-001
PZA03451.6	5	59300415	4.377224e-001	7.653850e-001
PZB01271.1	5	60104545	6.583630e-002	3.689183e-001
PZA03426.1	5	60371555	1.743772e-001	1.776607e-020
PZB01115.4	5	60964265	3.398577e-001	2.026699e-001
PZB01115.3	5	60964334	2.473310e-001	1.243199e-001
PZA00710.11	5	61491984	2.704626e-001	9.883188e-001
PZA00710.1	5	61492543	2.846975e-001	5.796533e-001
PZA00345.27	5	61898123	0.000000e+000	1.000000e+000
PZA00345.15	5	61898524	4.270463e-002	3.931834e-001
PZA00472.2	5	62415995	1.370107e-001	6.888140e-001
PZB01336.6	5	62622237	1.619217e-001	6.936595e-001
PZB01336.3	5	62622538	3.416370e-001	8.326786e-001
PZA03411.3	5	63013302	4.092527e-002	2.285000e-001
PZA03411.2	5	63013636	0.000000e+000	1.000000e+000
PZA01050.1	5	63415425	4.466192e-001	2.255489e-001
PZB00232.1	5	63417714	3.843416e-001	5.118519e-002
PZB00232.2	5	63418190	3.274021e-001	9.733833e-001
PZB02023.1	5	63418474	3.914591e-001	3.078876e-002
PZA03042.1	5	64413079	2.508897e-001	9.825387e-001
PZA03042.5	5	64413280	7.117438e-002	5.045383e-001
PHM4165.14	5	65741535	4.608541e-001	8.917032e-001
PZA00626.4	5	66131678	2.491103e-001	7.640907e-002
PZA00626.3	5	66131744	2.615658e-001	6.426107e-002
PZA00569.11	5	66901923	6.405694e-002	3.928442e-001
PZA00569.17	5	66902020	5.516014e-002	4.575787e-001
PZA03356.2	5	66971839	0.000000e+000	1.000000e+000
PZA03356.1	5	66971925	1.494662e-001	5.186185e-001
PZA03356.3	5	66972253	0.000000e+000	1.000000e+000
PZA03399.2	5	67946242	1.192171e-001	6.336255e-001
PZA03399.1	5	67946563	1.690391e-001	5.216554e-001
PZB01112.1	5	68419652	3.451957e-001	1.428837e-001
PZB01112.2	5	68419832	1.352313e-001	9.147444e-001
PZB01112.5	5	68419948	3.202847e-002	1.613544e-001
PZB01112.3	5	68420111	8.007117e-002	7.464216e-001
PZA03201.2	5	68603801	3.932384e-001	2.105563e-001
PZA01349.2	5	69319346	2.010676e-001	2.308817e-001
PZA03677.3	5	71093439	7.295374e-002	6.919133e-001
PZA03677.4	5	71093557	4.982206e-002	2.105365e-001
PZA03677.1	5	71093631	3.736655e-001	2.498866e-001
PZA03677.2	5	71093680	4.270463e-001	5.516544e-001
PHM5798.39	5	71095193	4.234875e-001	5.671007e-001
PZA01303.1	5	72408251	2.206406e-001	9.645009e-001
PZA00261.6	5	75234294	3.594306e-001	7.757336e-001
PZA00261.5	5	75234342	3.505338e-001	2.567389e-001
PZA03622.1	5	76512885	0.000000e+000	1.000000e+000
PZA03594.1	5	76513050	4.590747e-001	1.727763e-001
PZA02818.10	5	77679469	4.590747e-001	1.125164e-002
PZA02818.6	5	77679565	4.056940e-001	4.061550e-002
PZB00147.1	5	80010733	4.217082e-001	6.609980e-001
PZA01779.1	5	81227637	2.686833e-001	1.824718e-001
PZB02425.3	5	83233487	2.437722e-001	3.490119e-001
PZB02425.2	5	83233631	2.028470e-001	5.215433e-001
PZA01693.1	5	83544273	2.953737e-001	7.379832e-001
PZA00570.11	5	87053064	4.252669e-001	1.617317e-001
PZA00570.19	5	87053407	6.049822e-002	8.300143e-002
PZA03049.23	5	88604674	3.558719e-001	4.445641e-002
PZA03049.15	5	88604788	3.665480e-001	5.569332e-002
PZA03049.14	5	88604820	3.238434e-001	9.898489e-002
PZA03049.24	5	88604977	1.032028e-001	6.422868e-001
PZA00643.13	5	91096945	4.822064e-001	8.077653e-001
PZA00643.11	5	91097032	0.000000e+000	1.000000e+000
PZA03284.3	5	91651999	2.188612e-001	5.060976e-001
PZA03284.4	5	91652139	5.338078e-002	3.914476e-001
PZB02059.1	5	92520604	4.893238e-001	8.301391e-001
PZB02059.3	5	92520689	1.138790e-001	7.286579e-001
PZA00547.8	5	92862112	1.708185e-001	3.314318e-001
PZA00547.6	5	92862322	4.466192e-001	7.105606e-001
PZA00249.2	5	100227859	3.113879e-001	1.772256e-001
PZB01632.2	5	123268218	2.633452e-001	7.018005e-001
PZA00031.5	5	123268237	1.227758e-001	4.107894e-001
PZB01632.1	5	123268841	1.120996e-001	4.132288e-001
PZB01632.3	5	123269020	2.846975e-002	8.822400e-002
PZA00524.2	5	132594432	4.822064e-001	9.199061e-001
PZB00969.1	5	132772317	3.879004e-001	8.479674e-001
PZB02491.1	5	132786876	3.861210e-001	6.886881e-001
PZA00067.8	5	145121054	3.113879e-001	4.084204e-001
PZA00067.10	5	145121179	1.637011e-001	1.527378e-001
PZA00067.9	5	145121333	1.476868e-001	6.827248e-001
PZA02822.2	5	148711030	0.000000e+000	1.000000e+000
PZB01017.1	5	158032440	4.483986e-001	5.500300e-001
PZB01017.2	5	158032493	1.725979e-001	4.132735e-001
PZB01017.4	5	158032589	3.576512e-001	9.043587e-002
PZB01017.3	5	158032721	3.576512e-001	5.746940e-001
PZB01017.5	5	158032820	1.352313e-001	4.916994e-002
PZA01608.1	5	158599491	2.259786e-001	8.374478e-001
PZA00573.11	5	160173844	3.558719e-002	6.686109e-001
PZA00573.3	5	160173922	1.387900e-001	7.083336e-001
PZA01796.1	5	160321846	4.483986e-001	4.941041e-001
PZA02965.13	5	163580663	1.281139e-001	4.477465e-008
PZA00595.3	5	165094873	5.871886e-002	7.563683e-001
PZA00595.4	5	165095136	6.227758e-002	3.362757e-001
PZA02981.2	5	166468431	3.701068e-001	6.282839e-001
ae1.7	5	167873309	4.608541e-001	9.924757e-001
PZB00619.1	5	167873609	1.654804e-001	6.707227e-001
PZB01331.2	5	167874494	1.405694e-001	8.544972e-001
ae1.8	5	167884630	1.548043e-001	4.100970e-001
ae1.1	5	167889542	2.099644e-001	8.032755e-001
PZA02807.5	5	167939710	4.270463e-002	3.497230e-001
PZA00674.3	5	168637658	2.651246e-001	4.480943e-002
PZA00674.4	5	168637782	4.039146e-001	2.481078e-001
PZB02151.1	5	168867197	4.199288e-001	6.850218e-001
PZB02151.2	5	168867279	9.964413e-002	7.196059e-001
PZA02641.2	5	168924730	2.562278e-001	5.361868e-001
PZA00470.1	5	169327292	2.918149e-001	8.058239e-001
PZA00255.15	5	169719615	6.583630e-002	3.650552e-001
PZA00255.14	5	169719641	2.473310e-001	2.059624e-001
PZB00204.1	5	169853770	4.252669e-001	8.645755e-001
PZB00204.2	5	169853895	4.430605e-001	3.766761e-001
PZA02040.2	5	171389177	2.775801e-001	5.979829e-001
PZA00300.11	5	171688991	4.377224e-001	8.114152e-001
PZA03704.1	5	171869817	2.313167e-001	8.031659e-001
PZA03094.17	5	173094159	4.448399e-002	5.383325e-001
PZA03094.9	5	173094268	4.288256e-001	3.982615e-001
PZA03094.6	5	173094351	3.665480e-001	6.593403e-001
PZA03718.1	5	175459060	2.562278e-001	9.582594e-001
PZA03717.1	5	175459765	4.644128e-001	6.761999e-001
PZA03716.1	5	175460472	5.516014e-002	8.424697e-001
PZA03716.2	5	175460577	3.914591e-002	9.558087e-002
PZA03714.4	5	175462637	4.092527e-002	6.863431e-001
PZA03714.3	5	175462855	4.946619e-001	6.988456e-001
PZA03714.2	5	175462981	4.270463e-001	8.171658e-001
PZA03714.1	5	175463023	3.932384e-001	6.058388e-001
PZD00056.3	5	176459414	1.868327e-001	4.539042e-001
PZD00056.4	5	176459531	3.096085e-001	7.749752e-001
PZD00056.1	5	176459677	1.672598e-001	3.837300e-001
PZD00056.2	5	176459761	1.761566e-001	9.653401e-001
PZD00056.5	5	176459946	4.092527e-002	2.588742e-001
PZB00213.4	5	176901695	7.651246e-002	9.953159e-001
PZA02633.4	5	179953106	3.772242e-001	9.912390e-001
PZA02408.2	5	180413515	3.540925e-001	6.839838e-001
PZA02209.2	5	180428220	4.181495e-001	7.303511e-001
PZA03324.1	5	181256363	2.508897e-001	7.592708e-001
PZA02834.38	5	181672656	4.199288e-001	4.581024e-001
PZA01575.1	5	182337306	1.032028e-001	3.583458e-001
PZA00603.1	5	183706112	4.056940e-001	1.034034e-001
PZB00136.2	5	184587393	1.014235e-001	7.975906e-001
PZB02033.2	5	184588852	2.188612e-001	2.689952e-002
PZB02033.1	5	184588958	3.950178e-001	2.475744e-001
PZA03161.1	5	185596985	1.548043e-001	5.316525e-001
PZA02788.12	5	187896409	2.580071e-001	7.314772e-001
PZA03172.2	5	188293932	6.405694e-002	8.205258e-002
PZA03172.3	5	188294198	5.338078e-002	2.626716e-002
PZB02005.2	5	188557212	4.626335e-002	6.590712e-001
PZB02005.1	5	188557321	3.380783e-001	8.298049e-001
PZA02383.1	5	189143556	3.434164e-001	7.743462e-001
PZA03320.1	5	190229644	3.647687e-001	4.094760e-001
PZA03320.6	5	190229745	2.722420e-001	3.097939e-001
PZA03320.4	5	190229809	9.964413e-002	8.493748e-001
PZA03320.3	5	190229872	3.238434e-001	2.707360e-001
PZA03320.2	5	190229927	3.291815e-001	2.869934e-001
PZA00352.22	5	191075724	0.000000e+000	1.000000e+000
PZA02411.3	5	192326110	1.530249e-001	5.739290e-001
PZA00715.3	5	192778685	1.921708e-001	8.423611e-001
PZA00715.1	5	192778844	2.241993e-001	2.219174e-001
PZA03050.11	5	193208168	4.804270e-001	1.012569e-001
PHM532.23	5	193208321	2.882562e-001	1.632640e-001
PZA03312.2	5	193296367	2.170819e-001	1.334875e-001
PZA03312.3	5	193296378	3.932384e-001	5.382789e-001
PZA03312.1	5	193296408	4.715302e-001	1.064104e-001
PZA03618.3	5	193521420	1.708185e-001	8.298341e-001
PZA03618.4	5	193521685	4.572954e-001	7.429564e-001
PZA03618.2	5	193521810	1.530249e-001	7.923514e-001
PZA03618.1	5	193521948	4.234875e-001	9.564914e-001
PZD00017.2	5	195724183	1.832740e-001	5.774761e-001
PZA00652.14	5	198380640	1.192171e-001	3.431797e-001
PZA00652.17	5	198380653	3.362989e-001	6.301871e-001
PZA03024.7	5	198534067	4.982206e-002	3.173662e-001
PZA03024.16	5	198534153	4.128114e-001	8.301782e-001
PZB02283.1	5	199528414	2.046263e-001	1.333922e-001
PZB02424.2	5	199531191	1.886121e-001	1.096787e-001
PZB02424.1	5	199531408	4.572954e-001	6.473734e-001
PZA01142.4	5	199697937	1.725979e-001	1.640333e-001
PZB01376.1	5	199784965	3.202847e-001	1.694512e-001
PZA03680.1	5	200752538	3.113879e-001	5.197516e-001
PZA03683.1	5	200755109	4.056940e-001	8.020253e-001
PZA02820.17	5	200813183	2.793594e-001	5.730011e-001
PZA02820.16	5	200813185	2.846975e-001	2.143984e-001
PZA02820.7	5	200813276	1.797153e-001	7.428777e-001
PZA02820.6	5	200813312	1.459075e-001	8.374021e-001
PZA01265.1	5	201139510	2.437722e-001	8.988338e-001
PZB00765.1	5	202174585	3.967972e-001	7.126542e-001
PZA02060.1	5	202342720	4.466192e-001	7.969582e-001
PZA02667.1	5	202777978	4.804270e-002	7.893682e-001
PZA00395.2	5	202847197	3.167260e-001	7.801315e-001
PZA00395.1	5	202847226	3.096085e-001	4.354177e-001
PZA03353.1	5	203211587	4.982206e-002	5.568312e-001
PZA00980.1	5	203778506	2.953737e-001	8.016363e-001
PZB00023.1	5	204103838	2.170819e-001	6.675326e-001
PZA02068.1	5	204198466	3.362989e-001	1.439033e-001
PZB02189.5	5	204516414	2.811388e-001	5.851237e-001
PZB02189.4	5	204516488	7.117438e-003	5.438781e-001
PZB02189.3	5	204516565	0.000000e+000	1.000000e+000
PZB02189.1	5	204516691	2.846975e-001	6.320004e-001
PZB02189.6	5	204517020	3.362989e-001	3.287452e-001
PZB01987.1	5	205076873	1.138790e-001	7.466576e-001
PZB00686.1	5	205811176	2.010676e-001	1.373968e-002
PZB00686.2	5	205811393	1.316726e-001	2.225818e-002
PZB02420.1	5	205811670	4.448399e-002	9.684413e-001
PZA00545.4	5	206664777	2.811388e-001	6.637129e-001
PZA00545.21	5	206665028	8.007117e-002	9.186947e-002
PZA03167.2	5	207603095	4.501779e-001	9.804862e-001
PZA03167.3	5	207603154	3.345196e-001	6.414624e-001
PZA03167.5	5	207603495	4.359431e-001	9.750451e-001
PZA00167.7	5	207870558	3.701068e-001	8.264702e-001
PZA01259.1	5	207926607	3.327402e-001	1.002594e-001
PZD00041.2	5	208729875	3.558719e-002	2.076631e-001
PZD00041.1	5	208730143	6.583630e-002	1.894824e-001
PZA01680.3	5	208901002	7.117438e-002	7.106244e-001
PZB01302.1	5	209098791	2.846975e-002	1.122191e-001
PZA00448.5	5	209498142	1.779359e-001	3.855628e-001
PZA00448.6	5	209498196	3.167260e-001	8.379038e-001
PZA00500.5	5	210743837	2.793594e-001	7.021500e-001
PZA00500.3	5	210743871	0.000000e+000	1.000000e+000
PZA03335.1	5	210890745	1.708185e-001	9.866914e-001
PZA03339.3	5	210890786	9.786477e-002	9.577782e-001
PZA03335.2	5	210890886	2.277580e-001	1.938599e-001
PZA03222.4	5	211815236	4.270463e-002	9.667901e-001
PZA03222.1	5	211815347	3.896797e-001	1.151298e-001
PZA02390.1	5	211884165	2.704626e-001	3.884429e-001
PZA00433.3	5	213271422	2.597865e-001	6.798497e-001
PZA00433.5	5	213271532	4.199288e-001	8.116294e-001
PZA02817.3	5	214237451	4.679715e-001	4.407792e-001
PZA02817.15	5	214237678	4.501779e-001	9.531405e-001
PZA00069.4	5	214424975	1.512456e-001	8.965494e-001
PZA00069.2	5	214425081	4.590747e-001	8.701001e-001
PZA00408.7	5	214442805	1.512456e-001	5.740177e-001
PZA03307.1	5	214935596	8.185053e-002	3.106565e-001
PZA02480.1	5	214953055	2.402135e-001	8.476190e-001
PZA02769.1	5	215505432	4.537367e-001	1.855317e-001
PZA01060.1	5	216431558	3.879004e-001	7.690193e-002
PZA00606.3	6	2379148	3.790036e-001	9.897775e-001
PZA03003.11	6	6321806	2.829181e-001	9.668866e-001
PZA03003.10	6	6321890	1.174377e-001	3.202538e-001
PZA03290.1	6	9243581	1.690391e-001	4.973386e-001
PZA03290.2	6	9243719	9.608541e-002	8.858574e-001
PZA03290.3	6	9243743	9.786477e-002	7.841561e-001
PHM15961.13	6	9561803	3.362989e-001	5.281965e-001
PZA00503.5	6	12075777	1.637011e-001	6.340947e-001
PZA00158.2	6	14057156	4.483986e-001	3.798830e-001
PZA00233.8	6	19092580	2.259786e-001	7.177852e-001
PZA03047.20	6	20837292	9.608541e-002	4.665583e-001
PZA03047.12	6	20837504	3.879004e-001	9.530563e-001
PZA00440.15	6	22403926	2.740214e-001	8.026124e-002
PZA00440.1	6	22404308	4.128114e-001	1.074255e-001
PZA00501.12	6	23874393	6.583630e-002	5.452496e-001
PZA03204.2	6	24265182	3.220641e-001	6.152397e-001
PZA03204.1	6	24265211	4.893238e-001	9.791120e-001
PZA03195.2	6	24328659	2.508897e-001	7.039509e-001
PZA02948.24	6	25035106	3.131673e-001	8.311633e-001
PZA03588.2	6	25189392	1.814947e-001	7.670379e-001
PZA03063.17	6	25335322	4.982206e-002	1.573412e-001
PZA03063.18	6	25335362	9.786477e-002	3.192432e-001
PZA01509.1	6	31892075	4.341637e-001	4.970515e-001
PZA00540.3	6	32496071	4.626335e-001	7.577367e-001
PZA00462.2	6	36605422	3.451957e-001	3.004625e-001
PZA00489.1	6	51443123	0.000000e+000	1.000000e+000
PZA02836.17	6	57633518	4.039146e-001	6.318059e-001
PZA03120.1	6	57774238	3.238434e-001	1.567793e-002
PZA03120.3	6	57774504	1.743772e-001	6.114657e-002
PZA00582.1	6	62407399	2.064057e-001	1.713669e-001
PZA00582.4	6	62407447	1.725979e-001	3.486657e-001
PZA03090.31	6	69840279	1.548043e-001	4.264135e-001
PZB00236.2	6	75187712	4.982206e-002	4.734951e-001
PZA03668.2	6	78304583	1.423488e-002	9.928506e-001
PZA03668.4	6	78304837	2.669039e-002	2.957688e-001
PZA03668.1	6	78304925	3.754448e-001	5.042178e-002
